c_mae=0.543990
c_rmse=1.148842
c_ev=0.049105
c_int=-0.000309
mean_abs_error=0.000293
max_abs_error=0.001109
