c_mae=0.539328
c_rmse=1.152263
c_ev=0.048467
mean_abs_error=0.000306
max_abs_error=0.001058
